

2308 1
2414 1
2856 1
2900 1
2949 1
3161 1
3280 1
3298 1
3342 1
3572 1
3634 1
3660 1


1889 94294477222332990027311367439406692191849036920548767065126896307746644860401222226434375613485486815
2538 90717298708978478576295863599500502788192100299583320743182854277690180561013117467335686241034037281
2856 91574856802532867717457205633494868445984072181073815678227000456078724638177378361512078055279460843
2949 90017373755374335901760499254747267520210514864264329276735509430956744202684662134794626908940292673
3024 90787414080178576390677600222825362501739347374783484266483403967096891116586455779475189915427290539
3143 95853189582566236260566283752229518566752356883271859667684204414975796269388044459045049066586268214
3187 99579104609880765404744536757261183017775864628481320714126136817180357902262879136123779163317284611
3267 99451727680703697147347603981396106931161539256882394441061526917361169415730021984511967661475555851
3404 92218880553201927441899683182348825034277150005350093981737586547205896621610479789670258062062433787
3466 91289446266240923834596103550373287556267886955158760573904781800277082158594446837465832350824783599
3554 93196981475668064755677035391692873464600396234672712979780531136858233203446187003111082737070335646
3585 95226056621053393209114457076310119612051419564226336759209023000837182465978608406649094123430254666
3639 92870003463650271891222151069626877634751505560723673132129320941286958202672610204957014419034198411
3678 95256607549546309229588061455746350965578658446805510570186747599600323980067054352739660716802256727
