2496 9526536713684895273793230813910511544306011676261335376596534675762159894102662587960732379999065175
2669 9919884165992538118328264323555504981245626879531923414856927496727054155091367722113961416347975736
2682 9451740734581477226938243573555726493427337497082070601694206158340261380820867912116927057609874038
2718 9161513515679710532311715715230497501305969040058705998648526401674278252577821464291836072648382014
2837 9777891117378964983731148685028090515554508918300145860203902075354024213611806578418018470522966823
2858 9821826419702390405988281385136907472606027038837652027750338459683576623435345385787017050974357752
2876 9604459315379313906241035037262996941335150792853291333030669491999984581640222268938953725864020441
3088 9735519461829124189664241637619616496458421548281357659386881826770371715271972118891450885000992914
3336 9440221399299133530386329204612002328428391313749096489205719896647700232413580635927304765522637787
3424 9932713137938980623228792230434120102363679351631170349551204281427095148175562870551118243707354204
3561 9495717329186462978013131531249359606560074673511309847505449510732691825993035278075108300389577307
3636 9911176960833082982699745343700804760448234916243634313807768547580160782778538397956917758267665899
3654 9105284120946037555498129471407672529689242694471554224121698691926172335076726209775981584536889471
3685 9063801570305176619382020611514797687391770629845326491694032552193472277899451243652876570906074620
3760 9520998055799342601648927269948351770422991093296535072500494483740395615271373638931701990271053861
3822 9049587292594201351397031529908113239908049507979185416492545148585782486275672100618478686785348343
3848 9594480794537546638920655192841517093706963542114097906179364105404571642490475989885558235065159127
3897 9313723160659543119244103064985368644748004783788391093685157882744094198569401952057754721064142684
3910 9420610304798971416751699875933954818691581021946916326701016624391293941133132048547310979878607569
3941 9815176735810219966384242763701252478887616978650172467009328113635897539334034438928810286193855976
4052 9034716980356915829830874365037874834359137521243089364279845469373811180359050027837063547637870345
4060 9926598954788980328465018117557140161543001287728322356802711186463104986521287631050681416592102264
4233 9405885951578640633990438470295363097021162239126494484576477955235326309837274134413647406955165187
4277 9409233737090863108959008290149109864750507916299194007598418798560467327351543719007522862926966524
4321 9992394036089156746629384744340484244530504150516658660419723410129640549352569684113445175688068063
4352 9479685538011176514479702594768081961045042530474817469456675356179917011974203521564635980072539866
4432 9312832634319510961624138895706272543015704696480077444378817181261679777116932197071977862740736731


2452 9848830286395892250497318385767724185683793873648617765617642924716215321705363928897787250488235440
3235 9209180104216125307679076248399852266444901574628224881039831775107509708649169465305988697844205949
3287 9269449210223848606147156633349033713269925577020995082315827678172491022231756643261852638568465470
3300 9989701175181200458772615189201944324228783352396965284048750004749413493337984302121316732593700115
3323 9978376533442254413886196237351380164237728943369268848967758723415892420122564084280383782212819824
3354 9836980118313138966823786752327731328039437684920931440812249418956978770298808637041012682204424000
3362 9865326167694906569742857838672754812224366871555592522765671724531539578004673991444751604873791690
3486 9392588949977730168440788312928825576662338786750537287777102580474223081014410928017976409497724630
3517 9296009508222724777805286423033333781317106509630281819643043768923530796325216325061051637344206820
3698 9828451449636489267000665922019274784035715603511894074331198777390670619616079233112503813508422809
3711 9862352179392484982132666259463697994260335585920190713975107056377744364951935409638680425325990762
3773 9633716675807103203992871553925213804098763461327932081461002905373836824296499697260375861970181298
3791 9836265769302682161531908002295255071784889252686989774372206605476859757696522770117217085007850505
3835 9454486297265750786883727079956783095849848808106467197552795516004505179398609629825543555701522450
3897 9423987932771168394822851221133482681658901254907499603991891733653837024780052807559154244191891435
3941 9735729208560862237545613066475056201595294023912549511941658571043221956562966691349120509776268747
3990 9163011768386399849090181684036749939312960590122324670736898132284894451431325709010545581495554982
4034 9158161546550370491447708762349214979772071479225471837464261120576616155949685269920044820143449873
4171 9404502169402114842195877258429407361594036695481400742504504557841226994137960115378253307976175224
4277 9425085618764146370820634747419946243276730100596219027754719255552745092543337714044997964228087237
4295 9086004850800217621644891835318791442106239558617460375686619871646998901861605083814275694552161555
4339 9415310641658566613953476373631823497176888372774930058336304192789952560400621865995323649332485345


2235 9733284441436874171764364629380062899081224479194605017277714515428757130959088588254043540891497256
3057 9661997194257105906016077265694174224217620431188415419162488996421210873731396219384359423284847643
3106 9270629028536092360031798053794108336246571844329534527143024841671432991724033414930549867869189384
3243 9335760397114346672810077275240508962919738993440747068059806810456028640589843203828435675689480990
3256 9311177831651486562936538269185419952573062287158858235871326308840963247450242380375486695398666914
3274 9600381930017569980927660782587326898215060903943259064014342000784256058101539606555964882867647717
3375 9872966903882111791572656427284900162263417446722379416001837645756130825504995570628421247988022564
3380 9936114449629349428269372317393519688118248835687844926251778326336340511053394595068236657370450795
3385 9715006648499794084252541112164487024157637744003996840963107625461025129270687053125239036270460087
3517 9431859491345359456019175684379133015759634176733922876547071381032949201932461023884163468610428917
3623 9236417161185000245783375712490102848688906712656923012410767195380426141740906283009690534232198596
3703 9032237967456411143241756061908411890710800149835074513785426948512450742466850403186044865567994930
3835 9638563161193176284195787206297315659687000577768477520532978885115851502193252240887277855962221297
3910 9314533463300812349146325327810648516254905438206523894096009059630020577534014089984325432899278185
4016 9942107959883753319627916300930942695331897645502254634562405049891522961011839886589586342545613608
4047 9897360723793490436430484238348281819085198412283619540220611480112423065502866382304286535880281506
4383 9529678578463403541741606373327386733276008183797165214882130681329788189712904132261863595529052189
